EPSG:4326
DJI_20260206132359_0001_D.JPG -100.210699972222 20.5332487222222 +1936.085
DJI_20260206132401_0002_D.JPG -100.210702527778 20.5332401944444 +1936.082
DJI_20260206132403_0003_D.JPG -100.210704833333 20.5332311111111 +1936.074
DJI_20260206132405_0004_D.JPG -100.210707222222 20.5332221666667 +1936.058
DJI_20260206132407_0005_D.JPG -100.2107095 20.5332127777778 +1936.051
DJI_20260206132409_0006_D.JPG -100.210712027778 20.5332038055556 +1936.029
DJI_20260206132411_0007_D.JPG -100.210714166667 20.5331944444444 +1936.017
DJI_20260206132413_0008_D.JPG -100.210716527778 20.5331854722222 +1935.980
DJI_20260206132415_0009_D.JPG -100.210718555556 20.5331761666667 +1935.999
DJI_20260206132417_0010_D.JPG -100.210721027778 20.5331673333333 +1936.048
DJI_20260206132419_0011_D.JPG -100.2107235 20.5331581666667 +1936.109
DJI_20260206132421_0012_D.JPG -100.210725694444 20.5331491666667 +1936.136
DJI_20260206132423_0013_D.JPG -100.210728166667 20.5331393333333 +1936.137
DJI_20260206132426_0014_D.JPG -100.210731 20.5331275833333 +1936.125
DJI_20260206132428_0015_D.JPG -100.210734083333 20.5331154444444 +1936.120
DJI_20260206132432_0016_D.JPG -100.210738472222 20.5330981111111 +1936.103
DJI_20260206132437_0017_D.JPG -100.210743861111 20.5330774166667 +1936.219
DJI_20260206132439_0018_D.JPG -100.210745972222 20.5330673888889 +1936.186
DJI_20260206132440_0019_D.JPG -100.210746805556 20.5330643888889 +1936.167
DJI_20260206132442_0020_D.JPG -100.210749222222 20.5330531666667 +1936.131
DJI_20260206132444_0021_D.JPG -100.210752222222 20.5330421944444 +1936.041
DJI_20260206132447_0022_D.JPG -100.21075575 20.5330303888889 +1936.027
DJI_20260206132449_0023_D.JPG -100.21075825 20.5330221388889 +1936.087
DJI_20260206132452_0024_D.JPG -100.210760388889 20.5330096388889 +1936.072
DJI_20260206132454_0025_D.JPG -100.210763583333 20.5329991944444 +1936.119
DJI_20260206132457_0026_D.JPG -100.210766555556 20.5329846944444 +1936.195
DJI_20260206132500_0027_D.JPG -100.210770861111 20.5329709444444 +1936.172
DJI_20260206132505_0028_D.JPG -100.210774944444 20.5329513055556 +1936.213
DJI_20260206132508_0029_D.JPG -100.210779305556 20.5329349722222 +1936.227
DJI_20260206132512_0030_D.JPG -100.210783833333 20.5329191944444 +1936.274
DJI_20260206132515_0031_D.JPG -100.21078725 20.5329035555556 +1936.287
DJI_20260206132520_0032_D.JPG -100.2107915 20.5328852777778 +1936.325
DJI_20260206132523_0033_D.JPG -100.210784305556 20.5328728055556 +1936.443
DJI_20260206132526_0034_D.JPG -100.210768333333 20.5328681944444 +1936.481
DJI_20260206132530_0035_D.JPG -100.21075175 20.5328675 +1936.405
DJI_20260206132533_0036_D.JPG -100.210741861111 20.5328756666667 +1936.420
DJI_20260206132537_0037_D.JPG -100.210737222222 20.53289225 +1936.423
DJI_20260206132540_0038_D.JPG -100.210733027778 20.5329065555556 +1936.425
DJI_20260206132543_0039_D.JPG -100.210729833333 20.5329224444444 +1936.434
DJI_20260206132547_0040_D.JPG -100.210725611111 20.5329375555556 +1936.342
DJI_20260206132551_0041_D.JPG -100.210721416667 20.5329535555556 +1936.332
DJI_20260206132555_0042_D.JPG -100.210717083333 20.5329709722222 +1936.284
DJI_20260206132558_0043_D.JPG -100.210713333333 20.5329859166667 +1936.208
DJI_20260206132601_0044_D.JPG -100.210710194444 20.5329980833333 +1936.266
DJI_20260206132604_0045_D.JPG -100.210706222222 20.5330124166667 +1936.300
DJI_20260206132607_0046_D.JPG -100.210703305556 20.5330274444444 +1936.196
DJI_20260206132611_0047_D.JPG -100.210698583333 20.5330433611111 +1936.099
DJI_20260206132614_0048_D.JPG -100.2106955 20.53305675 +1936.148
DJI_20260206132617_0049_D.JPG -100.210692305556 20.5330713333333 +1936.200
DJI_20260206132621_0050_D.JPG -100.210688 20.5330868888889 +1936.205
DJI_20260206132624_0051_D.JPG -100.210685361111 20.5330992777778 +1936.165
DJI_20260206132627_0052_D.JPG -100.2106815 20.5331120555556 +1936.134
DJI_20260206132628_0053_D.JPG -100.210679805556 20.533119 +1936.124
DJI_20260206132632_0054_D.JPG -100.210675638889 20.5331355 +1936.115
DJI_20260206132635_0055_D.JPG -100.210672611111 20.5331465 +1936.249
DJI_20260206132638_0056_D.JPG -100.210668805556 20.5331598888889 +1936.300
DJI_20260206132641_0057_D.JPG -100.210666666667 20.5331723888889 +1936.304
DJI_20260206132643_0058_D.JPG -100.210663694444 20.5331846111111 +1936.286
DJI_20260206132646_0059_D.JPG -100.210661 20.533196 +1936.233
DJI_20260206132649_0060_D.JPG -100.210657138889 20.5332085833333 +1936.182
DJI_20260206132655_0061_D.JPG -100.210645638889 20.533234 +1936.246
DJI_20260206132656_0062_D.JPG -100.210642944444 20.5332353888889 +1936.252
DJI_20260206132659_0063_D.JPG -100.210628083333 20.5332360833333 +1936.279
DJI_20260206132702_0064_D.JPG -100.210611805556 20.5332323333333 +1936.226
DJI_20260206132705_0065_D.JPG -100.210603277778 20.5332190277778 +1936.248
DJI_20260206132709_0066_D.JPG -100.210606166667 20.5332004166667 +1936.196
DJI_20260206132711_0067_D.JPG -100.210609472222 20.5331888611111 +1936.120
DJI_20260206132716_0068_D.JPG -100.210614166667 20.5331700833333 +1936.072
DJI_20260206132719_0069_D.JPG -100.210617444444 20.5331553611111 +1936.009
DJI_20260206132723_0070_D.JPG -100.210622527778 20.5331394166667 +1936.118
DJI_20260206132726_0071_D.JPG -100.210625194444 20.5331232222222 +1935.969
DJI_20260206132730_0072_D.JPG -100.210630222222 20.5331083055556 +1936.008
DJI_20260206132733_0073_D.JPG -100.210633277778 20.5330922777778 +1936.030
DJI_20260206132736_0074_D.JPG -100.210637333333 20.5330773888889 +1936.025
DJI_20260206132739_0075_D.JPG -100.210640277778 20.5330648055556 +1936.019
DJI_20260206132743_0076_D.JPG -100.21064475 20.5330475 +1936.010
DJI_20260206132747_0077_D.JPG -100.210648666667 20.5330314722222 +1935.993
DJI_20260206132751_0078_D.JPG -100.210653611111 20.5330124444444 +1936.016
DJI_20260206132755_0079_D.JPG -100.210657638889 20.5329954722222 +1935.996
DJI_20260206132758_0080_D.JPG -100.210661416667 20.5329825555556 +1935.975
DJI_20260206132801_0081_D.JPG -100.210665444444 20.5329685277778 +1935.985
DJI_20260206132806_0082_D.JPG -100.210670277778 20.5329473888889 +1935.926
DJI_20260206132810_0083_D.JPG -100.210675111111 20.53292925 +1935.951
DJI_20260206132813_0084_D.JPG -100.210679277778 20.5329158611111 +1935.956
DJI_20260206132816_0085_D.JPG -100.210682777778 20.5329022777778 +1935.988
DJI_20260206132819_0086_D.JPG -100.210685222222 20.5328916388889 +1936.009
DJI_20260206132822_0087_D.JPG -100.210688777778 20.5328766111111 +1936.000
DJI_20260206132825_0088_D.JPG -100.210690416667 20.5328639722222 +1936.049
DJI_20260206132828_0089_D.JPG -100.210683805556 20.5328543888889 +1936.068
DJI_20260206132831_0090_D.JPG -100.210667861111 20.5328488888889 +1936.124
DJI_20260206132834_0091_D.JPG -100.2106555 20.5328474722222 +1936.054
DJI_20260206132836_0092_D.JPG -100.210644861111 20.5328518888889 +1936.005
DJI_20260206132839_0093_D.JPG -100.210639194444 20.5328606666667 +1935.958
DJI_20260206132841_0094_D.JPG -100.21063625 20.5328706111111 +1935.986
DJI_20260206132845_0095_D.JPG -100.210632972222 20.5328857777778 +1936.075
DJI_20260206132848_0096_D.JPG -100.210628972222 20.5329001666667 +1936.031
DJI_20260206132851_0097_D.JPG -100.210624972222 20.5329147777778 +1935.963
DJI_20260206132855_0098_D.JPG -100.210621083333 20.5329291388889 +1935.946
DJI_20260206132858_0099_D.JPG -100.210617611111 20.532944 +1935.997
DJI_20260206132901_0100_D.JPG -100.210613833333 20.5329580833333 +1936.010
DJI_20260206132904_0101_D.JPG -100.210611527778 20.5329701388889 +1935.917
DJI_20260206132906_0102_D.JPG -100.210608583333 20.5329823888889 +1935.825
DJI_20260206132909_0103_D.JPG -100.210605416667 20.5329941111111 +1935.751
DJI_20260206132911_0104_D.JPG -100.210602388889 20.5330053333333 +1935.655
DJI_20260206132914_0105_D.JPG -100.210599 20.5330173888889 +1935.703
DJI_20260206132917_0106_D.JPG -100.2105965 20.5330281111111 +1935.593
DJI_20260206132919_0107_D.JPG -100.210592972222 20.5330397777778 +1935.467
DJI_20260206132921_0108_D.JPG -100.210591611111 20.5330461944444 +1935.461
DJI_20260206132925_0109_D.JPG -100.210587222222 20.5330638611111 +1935.436
DJI_20260206132928_0110_D.JPG -100.210583416667 20.5330785833333 +1935.406
DJI_20260206132931_0111_D.JPG -100.210580166667 20.5330899166667 +1935.423
DJI_20260206132934_0112_D.JPG -100.210576305556 20.5331051666667 +1935.496
DJI_20260206132937_0113_D.JPG -100.210573555556 20.53311725 +1935.539
DJI_20260206132941_0114_D.JPG -100.210568944444 20.5331354444444 +1935.560
DJI_20260206132945_0115_D.JPG -100.210565083333 20.5331525 +1935.519
DJI_20260206132948_0116_D.JPG -100.210561638889 20.5331686666667 +1935.696
DJI_20260206132952_0117_D.JPG -100.210556916667 20.5331841944444 +1935.734
DJI_20260206132955_0118_D.JPG -100.210553194444 20.533199 +1935.741
DJI_20260206132958_0119_D.JPG -100.210546472222 20.5332128333333 +1935.886
DJI_20260206133002_0120_D.JPG -100.210532361111 20.5332168333333 +1935.921
DJI_20260206133004_0121_D.JPG -100.210519111111 20.5332149166667 +1935.962
DJI_20260206133008_0122_D.JPG -100.210504666667 20.5332087222222 +1936.048
DJI_20260206133011_0123_D.JPG -100.21050175 20.5331936111111 +1936.069
DJI_20260206133015_0124_D.JPG -100.210504777778 20.53317825 +1936.042
DJI_20260206133019_0125_D.JPG -100.210509444444 20.5331624722222 +1936.084
DJI_20260206133022_0126_D.JPG -100.210513527778 20.5331489444444 +1936.237
DJI_20260206133025_0127_D.JPG -100.210516694444 20.5331335555556 +1936.219
DJI_20260206133029_0128_D.JPG -100.210521027778 20.5331179166667 +1936.142
DJI_20260206133032_0129_D.JPG -100.210523527778 20.5331053333333 +1936.120
DJI_20260206133035_0130_D.JPG -100.210527194444 20.5330924722222 +1936.074
DJI_20260206133037_0131_D.JPG -100.210529166667 20.5330837777778 +1936.066
DJI_20260206133041_0132_D.JPG -100.210533638889 20.5330655 +1935.848
DJI_20260206133045_0133_D.JPG -100.210537416667 20.5330501111111 +1935.828
DJI_20260206133048_0134_D.JPG -100.210541277778 20.5330347777778 +1935.875
DJI_20260206133052_0135_D.JPG -100.210545527778 20.5330178333333 +1935.948
DJI_20260206133055_0136_D.JPG -100.210549361111 20.5330030833333 +1935.983
DJI_20260206133059_0137_D.JPG -100.210553027778 20.53298825 +1936.016
DJI_20260206133102_0138_D.JPG -100.210556972222 20.5329737777778 +1935.919
DJI_20260206133105_0139_D.JPG -100.210560694444 20.5329584166667 +1935.857
DJI_20260206133108_0140_D.JPG -100.210564222222 20.5329448055556 +1935.836
DJI_20260206133111_0141_D.JPG -100.210568361111 20.5329318333333 +1935.836
DJI_20260206133115_0142_D.JPG -100.210571777778 20.5329161666667 +1935.815
DJI_20260206133118_0143_D.JPG -100.210575277778 20.5329008888889 +1935.619
DJI_20260206133121_0144_D.JPG -100.21057825 20.5328884444444 +1935.609
DJI_20260206133126_0145_D.JPG -100.210582944444 20.5328683611111 +1935.619
DJI_20260206133129_0146_D.JPG -100.210586166667 20.5328543055556 +1935.633
DJI_20260206133133_0147_D.JPG -100.210583305556 20.5328388888889 +1935.717
DJI_20260206133137_0148_D.JPG -100.210562888889 20.5328313333333 +1935.747
DJI_20260206133141_0149_D.JPG -100.210543444444 20.5328328611111 +1935.739
DJI_20260206133144_0150_D.JPG -100.210536138889 20.5328436944444 +1935.645
DJI_20260206133147_0151_D.JPG -100.210532361111 20.5328580833333 +1935.535
DJI_20260206133151_0152_D.JPG -100.210527138889 20.5328770277778 +1935.662
DJI_20260206133154_0153_D.JPG -100.210523972222 20.5328900555556 +1935.731
DJI_20260206133157_0154_D.JPG -100.210520611111 20.5329019444444 +1935.768
DJI_20260206133159_0155_D.JPG -100.210517861111 20.5329125555556 +1935.861
DJI_20260206133203_0156_D.JPG -100.210513444444 20.5329286388889 +1935.887
DJI_20260206133207_0157_D.JPG -100.210509388889 20.5329453333333 +1935.808
DJI_20260206133209_0158_D.JPG -100.210506861111 20.5329553888889 +1935.843
DJI_20260206133213_0159_D.JPG -100.210503083333 20.5329719166667 +1935.880
DJI_20260206133215_0160_D.JPG -100.210500333333 20.5329826111111 +1935.890
DJI_20260206133217_0161_D.JPG -100.210498277778 20.5329915 +1935.880
DJI_20260206133220_0162_D.JPG -100.210495305556 20.5330033611111 +1935.879
DJI_20260206133222_0163_D.JPG -100.210492666667 20.533015 +1935.904
DJI_20260206133225_0164_D.JPG -100.210489722222 20.5330267222222 +1935.879
DJI_20260206133228_0165_D.JPG -100.210486472222 20.5330400277778 +1935.883
DJI_20260206133231_0166_D.JPG -100.210483916667 20.5330510555556 +1935.950
DJI_20260206133233_0167_D.JPG -100.210481111111 20.533063 +1935.944
DJI_20260206133236_0168_D.JPG -100.210478472222 20.5330746111111 +1935.951
DJI_20260206133239_0169_D.JPG -100.210475388889 20.5330880833333 +1935.996
DJI_20260206133242_0170_D.JPG -100.210471944444 20.533102 +1935.990
DJI_20260206133245_0171_D.JPG -100.210468416667 20.5331137222222 +1935.834
DJI_20260206133247_0172_D.JPG -100.21046575 20.5331251944444 +1935.853
DJI_20260206133250_0173_D.JPG -100.210462666667 20.5331368055556 +1935.894
DJI_20260206133252_0174_D.JPG -100.210460388889 20.5331467222222 +1935.938
DJI_20260206133256_0175_D.JPG -100.210455944444 20.5331635277778 +1935.918
DJI_20260206133258_0176_D.JPG -100.210453361111 20.5331736388889 +1935.903
DJI_20260206133301_0177_D.JPG -100.210450611111 20.5331848333333 +1935.906
DJI_20260206133303_0178_D.JPG -100.210444583333 20.5331944166667 +1935.921
DJI_20260206133306_0179_D.JPG -100.210432805556 20.5331979166667 +1935.909
DJI_20260206133309_0180_D.JPG -100.210419777778 20.5331964166667 +1935.948
DJI_20260206133311_0181_D.JPG -100.210408333333 20.5331936666667 +1935.942
DJI_20260206133314_0182_D.JPG -100.210399972222 20.5331845833333 +1935.916
DJI_20260206133316_0183_D.JPG -100.210400083333 20.5331725 +1935.945
DJI_20260206133319_0184_D.JPG -100.210404 20.5331597777778 +1936.066
DJI_20260206133322_0185_D.JPG -100.210405305556 20.5331441666667 +1935.998
DJI_20260206133326_0186_D.JPG -100.210410861111 20.5331291666667 +1936.010
DJI_20260206133329_0187_D.JPG -100.210413833333 20.5331129444444 +1935.988
DJI_20260206133333_0188_D.JPG -100.210418027778 20.5330979166667 +1935.994
DJI_20260206133336_0189_D.JPG -100.210422222222 20.5330820833333 +1936.030
DJI_20260206133340_0190_D.JPG -100.210425222222 20.5330671111111 +1935.851
DJI_20260206133343_0191_D.JPG -100.21043 20.5330520555556 +1935.831
DJI_20260206133347_0192_D.JPG -100.210434277778 20.5330374166667 +1935.938
DJI_20260206133350_0193_D.JPG -100.210437638889 20.5330231388889 +1936.129
DJI_20260206133354_0194_D.JPG -100.210441833333 20.5330068611111 +1936.006
DJI_20260206133357_0195_D.JPG -100.210444833333 20.5329912222222 +1936.018
DJI_20260206133401_0196_D.JPG -100.210449611111 20.5329761388889 +1935.967
DJI_20260206133403_0197_D.JPG -100.210451833333 20.5329633055556 +1935.830
DJI_20260206133407_0198_D.JPG -100.2104565 20.5329478055556 +1935.912
DJI_20260206133411_0199_D.JPG -100.210460638889 20.5329285555556 +1935.936
DJI_20260206133415_0200_D.JPG -100.210464472222 20.5329125555556 +1935.986
DJI_20260206133418_0201_D.JPG -100.210468166667 20.5328965 +1936.016
DJI_20260206133422_0202_D.JPG -100.210470722222 20.5328818611111 +1936.033
DJI_20260206133425_0203_D.JPG -100.210475333333 20.532867 +1935.898
DJI_20260206133429_0204_D.JPG -100.2104795 20.5328512222222 +1935.959
DJI_20260206133432_0205_D.JPG -100.210483166667 20.5328360555556 +1935.948
DJI_20260206133436_0206_D.JPG -100.210487055556 20.5328205833333 +1936.017
DJI_20260206133451_0207_D.JPG -100.210500555556 20.5328383055556 +1936.154
DJI_20260206133453_0208_D.JPG -100.210505027778 20.532846 +1936.187
DJI_20260206133455_0209_D.JPG -100.210509333333 20.53285475 +1936.213
DJI_20260206133457_0210_D.JPG -100.21051375 20.5328631111111 +1936.174
DJI_20260206133459_0211_D.JPG -100.21051775 20.5328714444444 +1936.235
DJI_20260206133501_0212_D.JPG -100.210522222222 20.5328804166667 +1936.230
DJI_20260206133503_0213_D.JPG -100.210526361111 20.5328889166667 +1936.230
DJI_20260206133505_0214_D.JPG -100.210531305556 20.5328987222222 +1936.331
DJI_20260206133509_0215_D.JPG -100.210538611111 20.5329138333333 +1936.260
DJI_20260206133512_0216_D.JPG -100.210545 20.5329271944444 +1936.242
DJI_20260206133516_0217_D.JPG -100.210552083333 20.5329421944444 +1936.236
DJI_20260206133519_0218_D.JPG -100.210558916667 20.53295625 +1936.245
DJI_20260206133523_0219_D.JPG -100.210566277778 20.5329713611111 +1936.209
DJI_20260206133526_0220_D.JPG -100.210573972222 20.5329876944444 +1936.255
DJI_20260206133531_0221_D.JPG -100.210582916667 20.5330062222222 +1936.213
DJI_20260206133535_0222_D.JPG -100.210592527778 20.5330252222222 +1936.261
DJI_20260206133620_0001_D.JPG -100.210788472222 20.5328339166667 +1914.789
DJI_20260206133622_0002_D.JPG -100.210788444444 20.53283325 +1914.433
DJI_20260206134600_0003_D.JPG -100.208661861111 20.5324411944444 +1912.519
DJI_20260206134602_0004_D.JPG -100.208661861111 20.5324413333333 +1912.532
DJI_20260206134604_0005_D.JPG -100.208661861111 20.5324414722222 +1912.546
