EPSG:4326
DJI_20260206132359_0001_MS_NIR.TIF -100.210700138889 20.5332485555556 +1936.076
DJI_20260206132401_0002_MS_NIR.TIF -100.21070275 20.5332399166667 +1936.073
DJI_20260206132403_0003_MS_NIR.TIF -100.210705027778 20.5332308888889 +1936.065
DJI_20260206132405_0004_MS_NIR.TIF -100.210707416667 20.5332219166667 +1936.049
DJI_20260206132407_0005_MS_NIR.TIF -100.210709722222 20.5332125 +1936.041
DJI_20260206132409_0006_MS_NIR.TIF -100.210712222222 20.5332035277778 +1936.020
DJI_20260206132411_0007_MS_NIR.TIF -100.210714361111 20.5331941944444 +1936.007
DJI_20260206132413_0008_MS_NIR.TIF -100.210716722222 20.5331851944444 +1935.971
DJI_20260206132415_0009_MS_NIR.TIF -100.210718722222 20.5331758888889 +1935.990
DJI_20260206132417_0010_MS_NIR.TIF -100.21072125 20.5331670833333 +1936.040
DJI_20260206132419_0011_MS_NIR.TIF -100.210723722222 20.5331579166667 +1936.101
DJI_20260206132421_0012_MS_NIR.TIF -100.210725888889 20.5331489166667 +1936.127
DJI_20260206132423_0013_MS_NIR.TIF -100.210728388889 20.5331390555556 +1936.128
DJI_20260206132426_0014_MS_NIR.TIF -100.210731222222 20.5331273333333 +1936.117
DJI_20260206132428_0015_MS_NIR.TIF -100.210734277778 20.5331151944444 +1936.109
DJI_20260206132432_0016_MS_NIR.TIF -100.210738666667 20.5330978333333 +1936.094
DJI_20260206132437_0017_MS_NIR.TIF -100.210744055556 20.5330771666667 +1936.211
DJI_20260206132439_0018_MS_NIR.TIF -100.210746166667 20.5330671388889 +1936.176
DJI_20260206132440_0019_MS_NIR.TIF -100.210747 20.5330641388889 +1936.157
DJI_20260206132442_0020_MS_NIR.TIF -100.210749416667 20.5330528888889 +1936.121
DJI_20260206132445_0021_MS_NIR.TIF -100.210752444444 20.5330419166667 +1936.031
DJI_20260206132447_0022_MS_NIR.TIF -100.210755972222 20.5330301388889 +1936.019
DJI_20260206132449_0023_MS_NIR.TIF -100.210758444444 20.5330218888889 +1936.079
DJI_20260206132452_0024_MS_NIR.TIF -100.210760583333 20.5330093888889 +1936.063
DJI_20260206132454_0025_MS_NIR.TIF -100.210763777778 20.5329989444444 +1936.111
DJI_20260206132457_0026_MS_NIR.TIF -100.210766722222 20.5329844444444 +1936.186
DJI_20260206132500_0027_MS_NIR.TIF -100.210771083333 20.5329706944444 +1936.163
DJI_20260206132505_0028_MS_NIR.TIF -100.210775166667 20.5329510277778 +1936.204
DJI_20260206132508_0029_MS_NIR.TIF -100.210779527778 20.5329347222222 +1936.218
DJI_20260206132512_0030_MS_NIR.TIF -100.210784027778 20.5329189444444 +1936.265
DJI_20260206132516_0031_MS_NIR.TIF -100.210787444444 20.5329032777778 +1936.278
DJI_20260206132520_0032_MS_NIR.TIF -100.210791666667 20.5328850277778 +1936.317
DJI_20260206132523_0033_MS_NIR.TIF -100.210784166667 20.5328725277778 +1936.434
DJI_20260206132526_0034_MS_NIR.TIF -100.210768055556 20.5328680277778 +1936.472
DJI_20260206132530_0035_MS_NIR.TIF -100.210751416667 20.5328674722222 +1936.395
DJI_20260206132533_0036_MS_NIR.TIF -100.210741583333 20.5328758611111 +1936.411
DJI_20260206132537_0037_MS_NIR.TIF -100.210737 20.5328924722222 +1936.413
DJI_20260206132540_0038_MS_NIR.TIF -100.210732861111 20.5329068333333 +1936.416
DJI_20260206132543_0039_MS_NIR.TIF -100.210729638889 20.5329227222222 +1936.425
DJI_20260206132547_0040_MS_NIR.TIF -100.210725416667 20.5329378055556 +1936.333
DJI_20260206132551_0041_MS_NIR.TIF -100.210721222222 20.5329538333333 +1936.324
DJI_20260206132555_0042_MS_NIR.TIF -100.210716888889 20.5329712222222 +1936.274
DJI_20260206132558_0043_MS_NIR.TIF -100.210713138889 20.5329861666667 +1936.199
DJI_20260206132601_0044_MS_NIR.TIF -100.210709972222 20.5329983333333 +1936.257
DJI_20260206132604_0045_MS_NIR.TIF -100.210706055556 20.5330126666667 +1936.291
DJI_20260206132607_0046_MS_NIR.TIF -100.210703111111 20.5330276944444 +1936.186
DJI_20260206132611_0047_MS_NIR.TIF -100.210698361111 20.5330436111111 +1936.090
DJI_20260206132614_0048_MS_NIR.TIF -100.210695305556 20.533057 +1936.140
DJI_20260206132617_0049_MS_NIR.TIF -100.210692083333 20.5330716111111 +1936.191
DJI_20260206132621_0050_MS_NIR.TIF -100.210687777778 20.5330871388889 +1936.196
DJI_20260206132624_0051_MS_NIR.TIF -100.210685166667 20.5330995277778 +1936.156
DJI_20260206132627_0052_MS_NIR.TIF -100.210681305556 20.5331123055556 +1936.125
DJI_20260206132628_0053_MS_NIR.TIF -100.210679611111 20.53311925 +1936.115
DJI_20260206132632_0054_MS_NIR.TIF -100.210675444444 20.53313575 +1936.107
DJI_20260206132635_0055_MS_NIR.TIF -100.210672444444 20.5331467222222 +1936.240
DJI_20260206132638_0056_MS_NIR.TIF -100.210668611111 20.5331601111111 +1936.292
DJI_20260206132641_0057_MS_NIR.TIF -100.210666472222 20.5331726388889 +1936.295
DJI_20260206132643_0058_MS_NIR.TIF -100.210663472222 20.5331848611111 +1936.277
DJI_20260206132646_0059_MS_NIR.TIF -100.210660805556 20.53319625 +1936.223
DJI_20260206132649_0060_MS_NIR.TIF -100.210656972222 20.5332088055556 +1936.173
DJI_20260206132655_0061_MS_NIR.TIF -100.210645361111 20.5332341388889 +1936.237
DJI_20260206132656_0062_MS_NIR.TIF -100.210642611111 20.5332354444444 +1936.244
DJI_20260206132659_0063_MS_NIR.TIF -100.210627777778 20.5332359166667 +1936.270
DJI_20260206132702_0064_MS_NIR.TIF -100.210611583333 20.5332320833333 +1936.216
DJI_20260206132705_0065_MS_NIR.TIF -100.210603333333 20.5332186944444 +1936.240
DJI_20260206132709_0066_MS_NIR.TIF -100.210606361111 20.5332001388889 +1936.187
DJI_20260206132711_0067_MS_NIR.TIF -100.210609666667 20.5331885833333 +1936.110
DJI_20260206132716_0068_MS_NIR.TIF -100.210614388889 20.5331698611111 +1936.063
DJI_20260206132719_0069_MS_NIR.TIF -100.210617638889 20.5331551111111 +1936.000
DJI_20260206132723_0070_MS_NIR.TIF -100.210622722222 20.5331391666667 +1936.109
DJI_20260206132726_0071_MS_NIR.TIF -100.210625416667 20.5331229722222 +1935.959
DJI_20260206132730_0072_MS_NIR.TIF -100.210630416667 20.5331080555556 +1936.000
DJI_20260206132733_0073_MS_NIR.TIF -100.2106335 20.5330920277778 +1936.021
DJI_20260206132736_0074_MS_NIR.TIF -100.210637527778 20.5330771388889 +1936.016
DJI_20260206132739_0075_MS_NIR.TIF -100.210640472222 20.5330645555556 +1936.010
DJI_20260206132743_0076_MS_NIR.TIF -100.210644944444 20.53304725 +1936.001
DJI_20260206132747_0077_MS_NIR.TIF -100.210648861111 20.5330312222222 +1935.984
DJI_20260206132751_0078_MS_NIR.TIF -100.210653805556 20.5330121944444 +1936.008
DJI_20260206132755_0079_MS_NIR.TIF -100.210657833333 20.5329951944444 +1935.987
DJI_20260206132758_0080_MS_NIR.TIF -100.210661611111 20.5329823055556 +1935.966
DJI_20260206132801_0081_MS_NIR.TIF -100.210665666667 20.53296825 +1935.976
DJI_20260206132806_0082_MS_NIR.TIF -100.210670472222 20.5329471111111 +1935.917
DJI_20260206132810_0083_MS_NIR.TIF -100.210675305556 20.532929 +1935.942
DJI_20260206132813_0084_MS_NIR.TIF -100.2106795 20.5329156111111 +1935.948
DJI_20260206132816_0085_MS_NIR.TIF -100.210683 20.5329020277778 +1935.980
DJI_20260206132819_0086_MS_NIR.TIF -100.210685444444 20.5328913888889 +1936.000
DJI_20260206132822_0087_MS_NIR.TIF -100.210688972222 20.5328763611111 +1935.991
DJI_20260206132825_0088_MS_NIR.TIF -100.2106905 20.5328636666667 +1936.041
DJI_20260206132828_0089_MS_NIR.TIF -100.210683694444 20.5328541111111 +1936.059
DJI_20260206132831_0090_MS_NIR.TIF -100.210667583333 20.5328486944444 +1936.115
DJI_20260206132834_0091_MS_NIR.TIF -100.210655194444 20.5328473333333 +1936.044
DJI_20260206132836_0092_MS_NIR.TIF -100.210644555556 20.5328519722222 +1935.996
DJI_20260206132839_0093_MS_NIR.TIF -100.210639 20.5328609166667 +1935.948
DJI_20260206132841_0094_MS_NIR.TIF -100.210636083333 20.5328708888889 +1935.978
DJI_20260206132845_0095_MS_NIR.TIF -100.210632805556 20.5328860555556 +1936.066
DJI_20260206132848_0096_MS_NIR.TIF -100.210628777778 20.5329004166667 +1936.020
DJI_20260206132851_0097_MS_NIR.TIF -100.210624777778 20.5329150277778 +1935.954
DJI_20260206132855_0098_MS_NIR.TIF -100.210620888889 20.5329293888889 +1935.937
DJI_20260206132858_0099_MS_NIR.TIF -100.210617416667 20.5329442777778 +1935.988
DJI_20260206132901_0100_MS_NIR.TIF -100.210613611111 20.5329583333333 +1936.000
DJI_20260206132904_0101_MS_NIR.TIF -100.210611333333 20.5329703888889 +1935.907
DJI_20260206132906_0102_MS_NIR.TIF -100.210608388889 20.5329826388889 +1935.815
DJI_20260206132909_0103_MS_NIR.TIF -100.210605194444 20.5329943611111 +1935.742
DJI_20260206132911_0104_MS_NIR.TIF -100.210602194444 20.5330055833333 +1935.646
DJI_20260206132914_0105_MS_NIR.TIF -100.210598805556 20.5330176388889 +1935.692
DJI_20260206132917_0106_MS_NIR.TIF -100.210596277778 20.5330283333333 +1935.583
DJI_20260206132919_0107_MS_NIR.TIF -100.210592777778 20.5330400277778 +1935.457
DJI_20260206132921_0108_MS_NIR.TIF -100.210591416667 20.5330464444444 +1935.452
DJI_20260206132925_0109_MS_NIR.TIF -100.210587027778 20.5330641388889 +1935.427
DJI_20260206132928_0110_MS_NIR.TIF -100.210583222222 20.5330788333333 +1935.398
DJI_20260206132931_0111_MS_NIR.TIF -100.210579972222 20.5330901666667 +1935.415
DJI_20260206132934_0112_MS_NIR.TIF -100.210576111111 20.5331054166667 +1935.488
DJI_20260206132937_0113_MS_NIR.TIF -100.210573333333 20.5331175 +1935.531
DJI_20260206132941_0114_MS_NIR.TIF -100.210568722222 20.5331356944444 +1935.551
DJI_20260206132945_0115_MS_NIR.TIF -100.210564888889 20.5331527777778 +1935.510
DJI_20260206132948_0116_MS_NIR.TIF -100.210561444444 20.5331689444444 +1935.689
DJI_20260206132952_0117_MS_NIR.TIF -100.210556722222 20.5331844444444 +1935.725
DJI_20260206132955_0118_MS_NIR.TIF -100.210552972222 20.53319925 +1935.733
DJI_20260206132958_0119_MS_NIR.TIF -100.210546166667 20.533213 +1935.877
DJI_20260206133002_0120_MS_NIR.TIF -100.210532083333 20.5332166666667 +1935.912
DJI_20260206133004_0121_MS_NIR.TIF -100.210518833333 20.5332147222222 +1935.953
DJI_20260206133008_0122_MS_NIR.TIF -100.210504555556 20.5332084166667 +1936.040
DJI_20260206133011_0123_MS_NIR.TIF -100.210501944444 20.5331933611111 +1936.061
DJI_20260206133015_0124_MS_NIR.TIF -100.210505 20.533178 +1936.033
DJI_20260206133019_0125_MS_NIR.TIF -100.210509638889 20.5331622222222 +1936.076
DJI_20260206133022_0126_MS_NIR.TIF -100.210513722222 20.5331486944444 +1936.229
DJI_20260206133025_0127_MS_NIR.TIF -100.210516861111 20.5331333055556 +1936.208
DJI_20260206133029_0128_MS_NIR.TIF -100.210521222222 20.5331176666667 +1936.133
DJI_20260206133032_0129_MS_NIR.TIF -100.210523722222 20.5331050833333 +1936.110
DJI_20260206133035_0130_MS_NIR.TIF -100.210527416667 20.5330922222222 +1936.065
DJI_20260206133037_0131_MS_NIR.TIF -100.210529361111 20.5330835 +1936.057
DJI_20260206133041_0132_MS_NIR.TIF -100.210533861111 20.53306525 +1935.838
DJI_20260206133045_0133_MS_NIR.TIF -100.210537611111 20.5330498333333 +1935.819
DJI_20260206133048_0134_MS_NIR.TIF -100.210541472222 20.5330345277778 +1935.866
DJI_20260206133052_0135_MS_NIR.TIF -100.21054575 20.5330175555556 +1935.940
DJI_20260206133055_0136_MS_NIR.TIF -100.210549555556 20.5330028333333 +1935.974
DJI_20260206133059_0137_MS_NIR.TIF -100.210553222222 20.532988 +1936.008
DJI_20260206133102_0138_MS_NIR.TIF -100.210557166667 20.5329735277778 +1935.910
DJI_20260206133105_0139_MS_NIR.TIF -100.210560888889 20.5329581666667 +1935.848
DJI_20260206133108_0140_MS_NIR.TIF -100.210564416667 20.5329445555556 +1935.827
DJI_20260206133111_0141_MS_NIR.TIF -100.210568555556 20.5329315833333 +1935.827
DJI_20260206133115_0142_MS_NIR.TIF -100.210571972222 20.5329158888889 +1935.805
DJI_20260206133118_0143_MS_NIR.TIF -100.210575472222 20.5329006388889 +1935.609
DJI_20260206133121_0144_MS_NIR.TIF -100.210578444444 20.5328881944444 +1935.600
DJI_20260206133126_0145_MS_NIR.TIF -100.210583138889 20.5328681111111 +1935.609
DJI_20260206133129_0146_MS_NIR.TIF -100.210586361111 20.5328540277778 +1935.625
DJI_20260206133133_0147_MS_NIR.TIF -100.21058325 20.5328385833333 +1935.707
DJI_20260206133137_0148_MS_NIR.TIF -100.210562611111 20.5328311388889 +1935.738
DJI_20260206133141_0149_MS_NIR.TIF -100.210543111111 20.5328328888889 +1935.728
DJI_20260206133144_0150_MS_NIR.TIF -100.210535916667 20.5328439444444 +1935.635
DJI_20260206133147_0151_MS_NIR.TIF -100.210532138889 20.5328583333333 +1935.526
DJI_20260206133151_0152_MS_NIR.TIF -100.210526944444 20.5328772777778 +1935.654
DJI_20260206133154_0153_MS_NIR.TIF -100.210523777778 20.5328903055556 +1935.722
DJI_20260206133157_0154_MS_NIR.TIF -100.210520416667 20.5329022222222 +1935.760
DJI_20260206133159_0155_MS_NIR.TIF -100.210517666667 20.5329128333333 +1935.853
DJI_20260206133203_0156_MS_NIR.TIF -100.210513222222 20.5329288888889 +1935.878
DJI_20260206133207_0157_MS_NIR.TIF -100.210509194444 20.5329455833333 +1935.798
DJI_20260206133209_0158_MS_NIR.TIF -100.210506666667 20.5329556388889 +1935.834
DJI_20260206133213_0159_MS_NIR.TIF -100.210502888889 20.5329721944444 +1935.870
DJI_20260206133215_0160_MS_NIR.TIF -100.210500138889 20.5329828611111 +1935.882
DJI_20260206133217_0161_MS_NIR.TIF -100.210498083333 20.53299175 +1935.871
DJI_20260206133220_0162_MS_NIR.TIF -100.210495111111 20.5330036111111 +1935.870
DJI_20260206133223_0163_MS_NIR.TIF -100.210492444444 20.53301525 +1935.895
DJI_20260206133225_0164_MS_NIR.TIF -100.210489527778 20.5330269722222 +1935.870
DJI_20260206133228_0165_MS_NIR.TIF -100.210486277778 20.5330402777778 +1935.876
DJI_20260206133231_0166_MS_NIR.TIF -100.210483722222 20.5330513333333 +1935.941
DJI_20260206133233_0167_MS_NIR.TIF -100.210480916667 20.53306325 +1935.934
DJI_20260206133236_0168_MS_NIR.TIF -100.210478277778 20.5330748888889 +1935.943
DJI_20260206133239_0169_MS_NIR.TIF -100.210475194444 20.5330883333333 +1935.988
DJI_20260206133242_0170_MS_NIR.TIF -100.21047175 20.53310225 +1935.981
DJI_20260206133245_0171_MS_NIR.TIF -100.210468194444 20.533114 +1935.825
DJI_20260206133247_0172_MS_NIR.TIF -100.210465527778 20.5331254444444 +1935.845
DJI_20260206133250_0173_MS_NIR.TIF -100.210462472222 20.5331370555556 +1935.885
DJI_20260206133252_0174_MS_NIR.TIF -100.210460222222 20.5331469722222 +1935.929
DJI_20260206133256_0175_MS_NIR.TIF -100.210455722222 20.5331638055556 +1935.908
DJI_20260206133258_0176_MS_NIR.TIF -100.210453138889 20.5331738888889 +1935.894
DJI_20260206133301_0177_MS_NIR.TIF -100.210450416667 20.5331850833333 +1935.897
DJI_20260206133303_0178_MS_NIR.TIF -100.21044425 20.5331945555556 +1935.911
DJI_20260206133306_0179_MS_NIR.TIF -100.210432472222 20.5331978333333 +1935.900
DJI_20260206133309_0180_MS_NIR.TIF -100.2104195 20.5331962222222 +1935.940
DJI_20260206133311_0181_MS_NIR.TIF -100.210408083333 20.5331934444444 +1935.933
DJI_20260206133314_0182_MS_NIR.TIF -100.210399944444 20.53318425 +1935.907
DJI_20260206133316_0183_MS_NIR.TIF -100.210400305556 20.5331722222222 +1935.937
DJI_20260206133319_0184_MS_NIR.TIF -100.210404194444 20.5331595277778 +1936.058
DJI_20260206133322_0185_MS_NIR.TIF -100.210405555556 20.5331439166667 +1935.989
DJI_20260206133326_0186_MS_NIR.TIF -100.210411055556 20.5331289166667 +1936.001
DJI_20260206133329_0187_MS_NIR.TIF -100.210414027778 20.5331126944444 +1935.978
DJI_20260206133333_0188_MS_NIR.TIF -100.210418222222 20.5330976666667 +1935.984
DJI_20260206133336_0189_MS_NIR.TIF -100.210422416667 20.5330818333333 +1936.022
DJI_20260206133340_0190_MS_NIR.TIF -100.210425416667 20.5330668611111 +1935.841
DJI_20260206133343_0191_MS_NIR.TIF -100.210430222222 20.5330518333333 +1935.824
DJI_20260206133347_0192_MS_NIR.TIF -100.2104345 20.5330371666667 +1935.930
DJI_20260206133350_0193_MS_NIR.TIF -100.210437833333 20.5330228611111 +1936.118
DJI_20260206133354_0194_MS_NIR.TIF -100.210442027778 20.5330066111111 +1935.998
DJI_20260206133357_0195_MS_NIR.TIF -100.210445027778 20.5329909444444 +1936.008
DJI_20260206133401_0196_MS_NIR.TIF -100.210449805556 20.5329758611111 +1935.958
DJI_20260206133403_0197_MS_NIR.TIF -100.210452055556 20.5329630555556 +1935.822
DJI_20260206133407_0198_MS_NIR.TIF -100.210456694444 20.5329475555556 +1935.903
DJI_20260206133411_0199_MS_NIR.TIF -100.210460833333 20.5329283055556 +1935.927
DJI_20260206133415_0200_MS_NIR.TIF -100.210464666667 20.5329123055556 +1935.978
DJI_20260206133418_0201_MS_NIR.TIF -100.210468361111 20.53289625 +1936.007
DJI_20260206133422_0202_MS_NIR.TIF -100.210470888889 20.5328816111111 +1936.023
DJI_20260206133425_0203_MS_NIR.TIF -100.210475527778 20.53286675 +1935.889
DJI_20260206133429_0204_MS_NIR.TIF -100.210479694444 20.5328509444444 +1935.949
DJI_20260206133432_0205_MS_NIR.TIF -100.210483361111 20.5328358055556 +1935.940
DJI_20260206133436_0206_MS_NIR.TIF -100.21048725 20.5328203333333 +1936.008
DJI_20260206133451_0207_MS_NIR.TIF -100.210500583333 20.5328386388889 +1936.161
DJI_20260206133453_0208_MS_NIR.TIF -100.210505055556 20.5328463333333 +1936.195
DJI_20260206133455_0209_MS_NIR.TIF -100.210509361111 20.5328550555556 +1936.220
DJI_20260206133457_0210_MS_NIR.TIF -100.21051375 20.5328634166667 +1936.181
DJI_20260206133459_0211_MS_NIR.TIF -100.21051775 20.53287175 +1936.243
DJI_20260206133501_0212_MS_NIR.TIF -100.210522222222 20.53288075 +1936.237
DJI_20260206133503_0213_MS_NIR.TIF -100.210526361111 20.53288925 +1936.238
DJI_20260206133505_0214_MS_NIR.TIF -100.210531333333 20.5328990555556 +1936.337
DJI_20260206133509_0215_MS_NIR.TIF -100.210538638889 20.5329141388889 +1936.267
DJI_20260206133512_0216_MS_NIR.TIF -100.210545 20.5329275 +1936.249
DJI_20260206133516_0217_MS_NIR.TIF -100.210552111111 20.5329425277778 +1936.243
DJI_20260206133519_0218_MS_NIR.TIF -100.210558916667 20.5329565555556 +1936.253
DJI_20260206133523_0219_MS_NIR.TIF -100.210566277778 20.5329716944444 +1936.216
DJI_20260206133527_0220_MS_NIR.TIF -100.210574 20.5329880277778 +1936.263
DJI_20260206133531_0221_MS_NIR.TIF -100.210582916667 20.5330065555556 +1936.221
DJI_20260206133535_0222_MS_NIR.TIF -100.210592555556 20.5330255277778 +1936.268
DJI_20260206133620_0001_MS_NIR.TIF -100.210788638889 20.5328338888889 +1914.804
DJI_20260206133622_0002_MS_NIR.TIF -100.210788555556 20.5328331388889 +1914.448
DJI_20260206134600_0003_MS_NIR.TIF -100.208661722222 20.53244125 +1912.538
DJI_20260206134602_0004_MS_NIR.TIF -100.208661722222 20.5324413888889 +1912.551
DJI_20260206134604_0005_MS_NIR.TIF -100.208661694444 20.5324415277778 +1912.565
