EPSG:4326
DJI_20260206132359_0001_MS_R.TIF -100.210699972222 20.5332485 +1936.076
DJI_20260206132401_0002_MS_R.TIF -100.210702555556 20.5332398888889 +1936.073
DJI_20260206132403_0003_MS_R.TIF -100.210704833333 20.5332308333333 +1936.065
DJI_20260206132405_0004_MS_R.TIF -100.21070725 20.5332218888889 +1936.049
DJI_20260206132407_0005_MS_R.TIF -100.210709527778 20.5332124722222 +1936.041
DJI_20260206132409_0006_MS_R.TIF -100.210712027778 20.5332035 +1936.020
DJI_20260206132411_0007_MS_R.TIF -100.210714194444 20.5331941666667 +1936.007
DJI_20260206132413_0008_MS_R.TIF -100.210716527778 20.5331851666667 +1935.971
DJI_20260206132415_0009_MS_R.TIF -100.210718555556 20.5331758611111 +1935.990
DJI_20260206132417_0010_MS_R.TIF -100.210721055556 20.5331670277778 +1936.040
DJI_20260206132419_0011_MS_R.TIF -100.210723527778 20.5331578888889 +1936.101
DJI_20260206132421_0012_MS_R.TIF -100.210725722222 20.5331488888889 +1936.127
DJI_20260206132423_0013_MS_R.TIF -100.210728194444 20.5331390277778 +1936.128
DJI_20260206132426_0014_MS_R.TIF -100.210731027778 20.5331273055556 +1936.117
DJI_20260206132428_0015_MS_R.TIF -100.210734111111 20.5331151666667 +1936.109
DJI_20260206132432_0016_MS_R.TIF -100.2107385 20.5330978055556 +1936.094
DJI_20260206132437_0017_MS_R.TIF -100.210743888889 20.5330771388889 +1936.211
DJI_20260206132439_0018_MS_R.TIF -100.210746 20.5330671111111 +1936.176
DJI_20260206132440_0019_MS_R.TIF -100.210746833333 20.5330641111111 +1936.157
DJI_20260206132442_0020_MS_R.TIF -100.210749222222 20.5330528611111 +1936.121
DJI_20260206132445_0021_MS_R.TIF -100.21075225 20.5330418888889 +1936.031
DJI_20260206132447_0022_MS_R.TIF -100.210755777778 20.5330301111111 +1936.018
DJI_20260206132449_0023_MS_R.TIF -100.210758277778 20.5330218333333 +1936.079
DJI_20260206132452_0024_MS_R.TIF -100.210760388889 20.5330093611111 +1936.063
DJI_20260206132454_0025_MS_R.TIF -100.210763611111 20.5329989166667 +1936.111
DJI_20260206132457_0026_MS_R.TIF -100.210766555556 20.5329843888889 +1936.186
DJI_20260206132500_0027_MS_R.TIF -100.210770888889 20.5329706666667 +1936.163
DJI_20260206132505_0028_MS_R.TIF -100.210774972222 20.532951 +1936.204
DJI_20260206132508_0029_MS_R.TIF -100.210779333333 20.5329346666667 +1936.218
DJI_20260206132512_0030_MS_R.TIF -100.210783861111 20.5329188888889 +1936.265
DJI_20260206132516_0031_MS_R.TIF -100.210787277778 20.53290325 +1936.278
DJI_20260206132520_0032_MS_R.TIF -100.210791472222 20.532885 +1936.317
DJI_20260206132523_0033_MS_R.TIF -100.210784027778 20.5328726388889 +1936.434
DJI_20260206132526_0034_MS_R.TIF -100.210768027778 20.5328681944444 +1936.472
DJI_20260206132530_0035_MS_R.TIF -100.210751444444 20.5328676388889 +1936.395
DJI_20260206132533_0036_MS_R.TIF -100.21074175 20.5328759444444 +1936.411
DJI_20260206132537_0037_MS_R.TIF -100.210737166667 20.5328925277778 +1936.413
DJI_20260206132540_0038_MS_R.TIF -100.210733027778 20.5329068611111 +1936.416
DJI_20260206132543_0039_MS_R.TIF -100.210729833333 20.53292275 +1936.425
DJI_20260206132547_0040_MS_R.TIF -100.210725583333 20.5329378333333 +1936.333
DJI_20260206132551_0041_MS_R.TIF -100.210721416667 20.5329538611111 +1936.324
DJI_20260206132555_0042_MS_R.TIF -100.210717055556 20.53297125 +1936.274
DJI_20260206132558_0043_MS_R.TIF -100.210713305556 20.5329861944444 +1936.199
DJI_20260206132601_0044_MS_R.TIF -100.210710166667 20.5329983611111 +1936.257
DJI_20260206132604_0045_MS_R.TIF -100.210706222222 20.5330126944444 +1936.291
DJI_20260206132607_0046_MS_R.TIF -100.210703305556 20.5330277222222 +1936.186
DJI_20260206132611_0047_MS_R.TIF -100.210698555556 20.5330436666667 +1936.090
DJI_20260206132614_0048_MS_R.TIF -100.210695472222 20.5330570277778 +1936.140
DJI_20260206132617_0049_MS_R.TIF -100.210692277778 20.5330716388889 +1936.191
DJI_20260206132621_0050_MS_R.TIF -100.210687972222 20.5330871666667 +1936.196
DJI_20260206132624_0051_MS_R.TIF -100.210685361111 20.5330995555556 +1936.156
DJI_20260206132627_0052_MS_R.TIF -100.2106815 20.5331123611111 +1936.125
DJI_20260206132628_0053_MS_R.TIF -100.210679777778 20.5331192777778 +1936.115
DJI_20260206132632_0054_MS_R.TIF -100.210675638889 20.5331357777778 +1936.107
DJI_20260206132635_0055_MS_R.TIF -100.210672611111 20.53314675 +1936.240
DJI_20260206132638_0056_MS_R.TIF -100.210668777778 20.5331601666667 +1936.292
DJI_20260206132641_0057_MS_R.TIF -100.210666666667 20.5331726666667 +1936.295
DJI_20260206132643_0058_MS_R.TIF -100.210663666667 20.5331848888889 +1936.277
DJI_20260206132646_0059_MS_R.TIF -100.210660972222 20.5331962777778 +1936.223
DJI_20260206132649_0060_MS_R.TIF -100.210657138889 20.5332088611111 +1936.173
DJI_20260206132655_0061_MS_R.TIF -100.210645472222 20.5332342777778 +1936.237
DJI_20260206132656_0062_MS_R.TIF -100.210642694444 20.5332355833333 +1936.244
DJI_20260206132659_0063_MS_R.TIF -100.21062775 20.5332360833333 +1936.270
DJI_20260206132702_0064_MS_R.TIF -100.210611527778 20.53323225 +1936.216
DJI_20260206132705_0065_MS_R.TIF -100.210603166667 20.5332187222222 +1936.240
DJI_20260206132709_0066_MS_R.TIF -100.210606194444 20.5332001111111 +1936.187
DJI_20260206132711_0067_MS_R.TIF -100.2106095 20.5331885555556 +1936.110
DJI_20260206132716_0068_MS_R.TIF -100.210614194444 20.5331698055556 +1936.063
DJI_20260206132719_0069_MS_R.TIF -100.210617472222 20.5331550833333 +1936.000
DJI_20260206132723_0070_MS_R.TIF -100.210622527778 20.5331391388889 +1936.109
DJI_20260206132726_0071_MS_R.TIF -100.210625222222 20.5331229444444 +1935.959
DJI_20260206132730_0072_MS_R.TIF -100.210630222222 20.533108 +1936.000
DJI_20260206132733_0073_MS_R.TIF -100.210633305556 20.533092 +1936.021
DJI_20260206132736_0074_MS_R.TIF -100.210637361111 20.5330770833333 +1936.016
DJI_20260206132739_0075_MS_R.TIF -100.210640305556 20.5330645 +1936.010
DJI_20260206132743_0076_MS_R.TIF -100.210644777778 20.5330472222222 +1936.001
DJI_20260206132747_0077_MS_R.TIF -100.210648666667 20.5330311944444 +1935.984
DJI_20260206132751_0078_MS_R.TIF -100.210653638889 20.5330121666667 +1936.008
DJI_20260206132755_0079_MS_R.TIF -100.210657666667 20.5329951666667 +1935.987
DJI_20260206132758_0080_MS_R.TIF -100.210661444444 20.5329822777778 +1935.966
DJI_20260206132801_0081_MS_R.TIF -100.2106655 20.5329682222222 +1935.976
DJI_20260206132806_0082_MS_R.TIF -100.210670277778 20.5329470833333 +1935.917
DJI_20260206132810_0083_MS_R.TIF -100.210675138889 20.5329289722222 +1935.942
DJI_20260206132813_0084_MS_R.TIF -100.210679305556 20.5329155833333 +1935.948
DJI_20260206132816_0085_MS_R.TIF -100.210682805556 20.5329019722222 +1935.980
DJI_20260206132819_0086_MS_R.TIF -100.21068525 20.5328913611111 +1936.000
DJI_20260206132822_0087_MS_R.TIF -100.210688805556 20.5328763055556 +1935.991
DJI_20260206132825_0088_MS_R.TIF -100.210690333333 20.5328636666667 +1936.041
DJI_20260206132828_0089_MS_R.TIF -100.210683555556 20.53285425 +1936.059
DJI_20260206132831_0090_MS_R.TIF -100.210667555556 20.5328488611111 +1936.115
DJI_20260206132834_0091_MS_R.TIF -100.210655166667 20.5328475277778 +1936.044
DJI_20260206132836_0092_MS_R.TIF -100.210644666667 20.5328521111111 +1935.996
DJI_20260206132839_0093_MS_R.TIF -100.210639166667 20.5328609444444 +1935.948
DJI_20260206132841_0094_MS_R.TIF -100.21063625 20.5328709166667 +1935.978
DJI_20260206132845_0095_MS_R.TIF -100.210632972222 20.5328860833333 +1936.066
DJI_20260206132848_0096_MS_R.TIF -100.210628944444 20.5329004722222 +1936.020
DJI_20260206132851_0097_MS_R.TIF -100.210624944444 20.5329150833333 +1935.954
DJI_20260206132855_0098_MS_R.TIF -100.210621083333 20.5329294444444 +1935.937
DJI_20260206132858_0099_MS_R.TIF -100.210617583333 20.5329443055556 +1935.988
DJI_20260206132901_0100_MS_R.TIF -100.210613805556 20.5329583611111 +1936.000
DJI_20260206132904_0101_MS_R.TIF -100.2106115 20.5329704444444 +1935.907
DJI_20260206132906_0102_MS_R.TIF -100.210608555556 20.5329826944444 +1935.815
DJI_20260206132909_0103_MS_R.TIF -100.210605388889 20.5329943888889 +1935.742
DJI_20260206132911_0104_MS_R.TIF -100.210602361111 20.5330056111111 +1935.646
DJI_20260206132914_0105_MS_R.TIF -100.210598972222 20.5330176944444 +1935.692
DJI_20260206132917_0106_MS_R.TIF -100.210596472222 20.5330283888889 +1935.583
DJI_20260206132919_0107_MS_R.TIF -100.210592972222 20.5330400555556 +1935.457
DJI_20260206132921_0108_MS_R.TIF -100.210591611111 20.5330465 +1935.452
DJI_20260206132925_0109_MS_R.TIF -100.210587194444 20.5330641666667 +1935.427
DJI_20260206132928_0110_MS_R.TIF -100.210583388889 20.5330788611111 +1935.398
DJI_20260206132931_0111_MS_R.TIF -100.210580138889 20.5330902222222 +1935.415
DJI_20260206132934_0112_MS_R.TIF -100.210576305556 20.5331054444444 +1935.488
DJI_20260206132937_0113_MS_R.TIF -100.210573527778 20.5331175555556 +1935.531
DJI_20260206132941_0114_MS_R.TIF -100.210568916667 20.53313575 +1935.551
DJI_20260206132945_0115_MS_R.TIF -100.210565083333 20.5331528055556 +1935.510
DJI_20260206132948_0116_MS_R.TIF -100.210561611111 20.5331689722222 +1935.689
DJI_20260206132952_0117_MS_R.TIF -100.210556888889 20.5331844722222 +1935.725
DJI_20260206132955_0118_MS_R.TIF -100.210553166667 20.5331992777778 +1935.733
DJI_20260206132958_0119_MS_R.TIF -100.210546305556 20.5332130833333 +1935.877
DJI_20260206133002_0120_MS_R.TIF -100.210532083333 20.5332168611111 +1935.912
DJI_20260206133004_0121_MS_R.TIF -100.210518805556 20.5332148888889 +1935.953
DJI_20260206133008_0122_MS_R.TIF -100.210504416667 20.5332085555556 +1936.040
DJI_20260206133011_0123_MS_R.TIF -100.21050175 20.5331933333333 +1936.061
DJI_20260206133015_0124_MS_R.TIF -100.210504833333 20.5331779722222 +1936.033
DJI_20260206133019_0125_MS_R.TIF -100.210509472222 20.5331621666667 +1936.076
DJI_20260206133022_0126_MS_R.TIF -100.210513555556 20.5331486388889 +1936.229
DJI_20260206133025_0127_MS_R.TIF -100.210516694444 20.53313325 +1936.208
DJI_20260206133029_0128_MS_R.TIF -100.210521027778 20.5331176388889 +1936.133
DJI_20260206133032_0129_MS_R.TIF -100.210523527778 20.5331050555556 +1936.110
DJI_20260206133035_0130_MS_R.TIF -100.210527222222 20.5330921944444 +1936.065
DJI_20260206133037_0131_MS_R.TIF -100.210529194444 20.5330834722222 +1936.057
DJI_20260206133041_0132_MS_R.TIF -100.210533666667 20.5330652222222 +1935.838
DJI_20260206133045_0133_MS_R.TIF -100.210537416667 20.5330498055556 +1935.819
DJI_20260206133048_0134_MS_R.TIF -100.210541305556 20.5330345 +1935.866
DJI_20260206133052_0135_MS_R.TIF -100.210545555556 20.5330175277778 +1935.940
DJI_20260206133055_0136_MS_R.TIF -100.210549388889 20.5330027777778 +1935.974
DJI_20260206133059_0137_MS_R.TIF -100.210553027778 20.5329879722222 +1936.008
DJI_20260206133102_0138_MS_R.TIF -100.210557 20.5329735 +1935.910
DJI_20260206133105_0139_MS_R.TIF -100.210560722222 20.5329581111111 +1935.848
DJI_20260206133108_0140_MS_R.TIF -100.21056425 20.5329445 +1935.827
DJI_20260206133111_0141_MS_R.TIF -100.210568361111 20.5329315277778 +1935.827
DJI_20260206133115_0142_MS_R.TIF -100.210571805556 20.5329158611111 +1935.805
DJI_20260206133118_0143_MS_R.TIF -100.210575305556 20.5329006111111 +1935.609
DJI_20260206133121_0144_MS_R.TIF -100.21057825 20.5328881666667 +1935.600
DJI_20260206133126_0145_MS_R.TIF -100.210582972222 20.5328680555556 +1935.609
DJI_20260206133129_0146_MS_R.TIF -100.210586194444 20.532854 +1935.625
DJI_20260206133133_0147_MS_R.TIF -100.210583111111 20.5328386666667 +1935.707
DJI_20260206133137_0148_MS_R.TIF -100.210562555556 20.5328313055556 +1935.738
DJI_20260206133141_0149_MS_R.TIF -100.210543194444 20.5328330555556 +1935.728
DJI_20260206133144_0150_MS_R.TIF -100.210536083333 20.532844 +1935.635
DJI_20260206133147_0151_MS_R.TIF -100.210532333333 20.5328583611111 +1935.526
DJI_20260206133151_0152_MS_R.TIF -100.210527111111 20.5328773055556 +1935.654
DJI_20260206133154_0153_MS_R.TIF -100.210523972222 20.5328903333333 +1935.722
DJI_20260206133157_0154_MS_R.TIF -100.210520611111 20.53290225 +1935.760
DJI_20260206133159_0155_MS_R.TIF -100.210517861111 20.5329128611111 +1935.853
DJI_20260206133203_0156_MS_R.TIF -100.210513416667 20.5329289166667 +1935.878
DJI_20260206133207_0157_MS_R.TIF -100.210509361111 20.5329456111111 +1935.798
DJI_20260206133209_0158_MS_R.TIF -100.210506861111 20.5329556944444 +1935.834
DJI_20260206133213_0159_MS_R.TIF -100.210503055556 20.5329722222222 +1935.870
DJI_20260206133215_0160_MS_R.TIF -100.210500305556 20.5329828888889 +1935.882
DJI_20260206133217_0161_MS_R.TIF -100.21049825 20.5329917777778 +1935.871
DJI_20260206133220_0162_MS_R.TIF -100.210495277778 20.5330036666667 +1935.870
DJI_20260206133223_0163_MS_R.TIF -100.210492638889 20.5330153055556 +1935.895
DJI_20260206133225_0164_MS_R.TIF -100.210489722222 20.5330270277778 +1935.870
DJI_20260206133228_0165_MS_R.TIF -100.210486444444 20.5330403055556 +1935.875
DJI_20260206133231_0166_MS_R.TIF -100.210483916667 20.5330513611111 +1935.941
DJI_20260206133233_0167_MS_R.TIF -100.210481083333 20.5330632777778 +1935.934
DJI_20260206133236_0168_MS_R.TIF -100.210478472222 20.5330749166667 +1935.943
DJI_20260206133239_0169_MS_R.TIF -100.210475361111 20.5330883888889 +1935.988
DJI_20260206133242_0170_MS_R.TIF -100.210471944444 20.5331022777778 +1935.981
DJI_20260206133245_0171_MS_R.TIF -100.210468388889 20.5331140277778 +1935.825
DJI_20260206133247_0172_MS_R.TIF -100.210465722222 20.5331254722222 +1935.845
DJI_20260206133250_0173_MS_R.TIF -100.210462638889 20.5331370833333 +1935.885
DJI_20260206133252_0174_MS_R.TIF -100.210460388889 20.533147 +1935.929
DJI_20260206133256_0175_MS_R.TIF -100.210455916667 20.5331638333333 +1935.908
DJI_20260206133258_0176_MS_R.TIF -100.210453333333 20.5331739166667 +1935.894
DJI_20260206133301_0177_MS_R.TIF -100.210450583333 20.5331851388889 +1935.897
DJI_20260206133303_0178_MS_R.TIF -100.210444388889 20.5331946388889 +1935.911
DJI_20260206133306_0179_MS_R.TIF -100.2104325 20.533198 +1935.900
DJI_20260206133309_0180_MS_R.TIF -100.210419444444 20.5331963888889 +1935.940
DJI_20260206133311_0181_MS_R.TIF -100.210408055556 20.5331936111111 +1935.933
DJI_20260206133314_0182_MS_R.TIF -100.210399805556 20.5331843333333 +1935.907
DJI_20260206133316_0183_MS_R.TIF -100.210400111111 20.5331721944444 +1935.937
DJI_20260206133319_0184_MS_R.TIF -100.210404027778 20.5331594722222 +1936.058
DJI_20260206133322_0185_MS_R.TIF -100.210405361111 20.5331438611111 +1935.989
DJI_20260206133326_0186_MS_R.TIF -100.210410888889 20.5331288888889 +1936.001
DJI_20260206133329_0187_MS_R.TIF -100.210413833333 20.5331126388889 +1935.978
DJI_20260206133333_0188_MS_R.TIF -100.210418027778 20.5330976388889 +1935.984
DJI_20260206133336_0189_MS_R.TIF -100.210422222222 20.5330817777778 +1936.022
DJI_20260206133340_0190_MS_R.TIF -100.21042525 20.5330668055556 +1935.841
DJI_20260206133343_0191_MS_R.TIF -100.210430027778 20.5330517777778 +1935.824
DJI_20260206133347_0192_MS_R.TIF -100.210434333333 20.5330371111111 +1935.930
DJI_20260206133350_0193_MS_R.TIF -100.210437638889 20.5330228333333 +1936.118
DJI_20260206133354_0194_MS_R.TIF -100.210441861111 20.5330065833333 +1935.998
DJI_20260206133357_0195_MS_R.TIF -100.210444861111 20.5329909166667 +1936.008
DJI_20260206133401_0196_MS_R.TIF -100.210449611111 20.5329758333333 +1935.958
DJI_20260206133403_0197_MS_R.TIF -100.210451888889 20.5329630277778 +1935.822
DJI_20260206133407_0198_MS_R.TIF -100.2104565 20.5329475277778 +1935.903
DJI_20260206133411_0199_MS_R.TIF -100.210460666667 20.53292825 +1935.927
DJI_20260206133415_0200_MS_R.TIF -100.2104645 20.5329122777778 +1935.978
DJI_20260206133418_0201_MS_R.TIF -100.210468194444 20.5328961944444 +1936.007
DJI_20260206133422_0202_MS_R.TIF -100.210470722222 20.5328815833333 +1936.023
DJI_20260206133425_0203_MS_R.TIF -100.210475361111 20.5328667222222 +1935.889
DJI_20260206133429_0204_MS_R.TIF -100.2104795 20.5328509166667 +1935.949
DJI_20260206133432_0205_MS_R.TIF -100.210483166667 20.5328357777778 +1935.940
DJI_20260206133436_0206_MS_R.TIF -100.210487083333 20.5328203055556 +1936.008
DJI_20260206133451_0207_MS_R.TIF -100.21050075 20.5328385555556 +1936.161
DJI_20260206133453_0208_MS_R.TIF -100.210505222222 20.53284625 +1936.195
DJI_20260206133455_0209_MS_R.TIF -100.210509527778 20.532855 +1936.220
DJI_20260206133457_0210_MS_R.TIF -100.210513916667 20.5328633611111 +1936.181
DJI_20260206133459_0211_MS_R.TIF -100.210517916667 20.5328716944444 +1936.243
DJI_20260206133501_0212_MS_R.TIF -100.210522388889 20.5328806666667 +1936.237
DJI_20260206133503_0213_MS_R.TIF -100.210526527778 20.5328891666667 +1936.238
DJI_20260206133505_0214_MS_R.TIF -100.2105315 20.5328989722222 +1936.337
DJI_20260206133509_0215_MS_R.TIF -100.210538805556 20.5329140833333 +1936.267
DJI_20260206133512_0216_MS_R.TIF -100.210545166667 20.5329274444444 +1936.249
DJI_20260206133516_0217_MS_R.TIF -100.21055225 20.5329424444444 +1936.243
DJI_20260206133519_0218_MS_R.TIF -100.210559083333 20.5329565 +1936.253
DJI_20260206133523_0219_MS_R.TIF -100.210566444444 20.5329716111111 +1936.216
DJI_20260206133527_0220_MS_R.TIF -100.210574138889 20.5329879722222 +1936.263
DJI_20260206133531_0221_MS_R.TIF -100.210583083333 20.5330064722222 +1936.221
DJI_20260206133535_0222_MS_R.TIF -100.210592722222 20.5330254722222 +1936.268
DJI_20260206133620_0001_MS_R.TIF -100.210788472222 20.5328338333333 +1914.804
DJI_20260206133622_0002_MS_R.TIF -100.210788388889 20.5328330833333 +1914.448
DJI_20260206134600_0003_MS_R.TIF -100.208661888889 20.5324412777778 +1912.538
DJI_20260206134602_0004_MS_R.TIF -100.208661888889 20.5324414444444 +1912.551
DJI_20260206134604_0005_MS_R.TIF -100.208661888889 20.5324415555556 +1912.565
