EPSG:4326
DJI_20260206132359_0001_MS_RE.TIF -100.210700055556 20.5332485277778 +1936.076
DJI_20260206132401_0002_MS_RE.TIF -100.210702638889 20.5332399166667 +1936.073
DJI_20260206132403_0003_MS_RE.TIF -100.210704944444 20.5332308611111 +1936.065
DJI_20260206132405_0004_MS_RE.TIF -100.210707333333 20.5332218888889 +1936.049
DJI_20260206132407_0005_MS_RE.TIF -100.210709638889 20.5332125 +1936.041
DJI_20260206132409_0006_MS_RE.TIF -100.210712138889 20.5332035277778 +1936.020
DJI_20260206132411_0007_MS_RE.TIF -100.210714277778 20.5331941944444 +1936.007
DJI_20260206132413_0008_MS_RE.TIF -100.210716638889 20.5331851944444 +1935.971
DJI_20260206132415_0009_MS_RE.TIF -100.210718638889 20.5331758888889 +1935.990
DJI_20260206132417_0010_MS_RE.TIF -100.210721166667 20.5331670555556 +1936.040
DJI_20260206132419_0011_MS_RE.TIF -100.210723638889 20.5331578888889 +1936.101
DJI_20260206132421_0012_MS_RE.TIF -100.210725805556 20.5331488888889 +1936.127
DJI_20260206132423_0013_MS_RE.TIF -100.210728305556 20.5331390555556 +1936.128
DJI_20260206132426_0014_MS_RE.TIF -100.210731138889 20.5331273333333 +1936.117
DJI_20260206132428_0015_MS_RE.TIF -100.210734194444 20.5331151666667 +1936.109
DJI_20260206132432_0016_MS_RE.TIF -100.210738583333 20.5330978055556 +1936.094
DJI_20260206132437_0017_MS_RE.TIF -100.210743972222 20.5330771388889 +1936.211
DJI_20260206132439_0018_MS_RE.TIF -100.210746083333 20.5330671388889 +1936.176
DJI_20260206132440_0019_MS_RE.TIF -100.210746916667 20.5330641111111 +1936.157
DJI_20260206132442_0020_MS_RE.TIF -100.210749333333 20.5330528888889 +1936.121
DJI_20260206132445_0021_MS_RE.TIF -100.210752333333 20.5330419166667 +1936.031
DJI_20260206132447_0022_MS_RE.TIF -100.210755888889 20.5330301111111 +1936.018
DJI_20260206132449_0023_MS_RE.TIF -100.210758361111 20.5330218611111 +1936.079
DJI_20260206132452_0024_MS_RE.TIF -100.2107605 20.5330093611111 +1936.063
DJI_20260206132454_0025_MS_RE.TIF -100.210763694444 20.5329989166667 +1936.111
DJI_20260206132457_0026_MS_RE.TIF -100.210766638889 20.5329844166667 +1936.186
DJI_20260206132500_0027_MS_RE.TIF -100.210771 20.5329706666667 +1936.163
DJI_20260206132505_0028_MS_RE.TIF -100.210775083333 20.5329510277778 +1936.204
DJI_20260206132508_0029_MS_RE.TIF -100.210779444444 20.5329346944444 +1936.218
DJI_20260206132512_0030_MS_RE.TIF -100.210783944444 20.5329189166667 +1936.265
DJI_20260206132516_0031_MS_RE.TIF -100.210787361111 20.5329032777778 +1936.278
DJI_20260206132520_0032_MS_RE.TIF -100.210791555556 20.532885 +1936.317
DJI_20260206132523_0033_MS_RE.TIF -100.210784111111 20.5328725833333 +1936.434
DJI_20260206132526_0034_MS_RE.TIF -100.210768027778 20.5328681111111 +1936.472
DJI_20260206132530_0035_MS_RE.TIF -100.210751416667 20.5328675555556 +1936.395
DJI_20260206132533_0036_MS_RE.TIF -100.210741666667 20.5328758888889 +1936.411
DJI_20260206132537_0037_MS_RE.TIF -100.210737083333 20.5328925 +1936.413
DJI_20260206132540_0038_MS_RE.TIF -100.210732944444 20.5329068333333 +1936.416
DJI_20260206132543_0039_MS_RE.TIF -100.210729722222 20.5329227222222 +1936.425
DJI_20260206132547_0040_MS_RE.TIF -100.2107255 20.5329378333333 +1936.333
DJI_20260206132551_0041_MS_RE.TIF -100.210721333333 20.5329538333333 +1936.324
DJI_20260206132555_0042_MS_RE.TIF -100.210716972222 20.53297125 +1936.274
DJI_20260206132558_0043_MS_RE.TIF -100.210713222222 20.5329861944444 +1936.199
DJI_20260206132601_0044_MS_RE.TIF -100.210710055556 20.5329983333333 +1936.257
DJI_20260206132604_0045_MS_RE.TIF -100.210706138889 20.5330126944444 +1936.291
DJI_20260206132607_0046_MS_RE.TIF -100.210703194444 20.5330276944444 +1936.186
DJI_20260206132611_0047_MS_RE.TIF -100.210698444444 20.5330436388889 +1936.090
DJI_20260206132614_0048_MS_RE.TIF -100.210695388889 20.5330570277778 +1936.140
DJI_20260206132617_0049_MS_RE.TIF -100.210692166667 20.5330716111111 +1936.191
DJI_20260206132621_0050_MS_RE.TIF -100.210687861111 20.5330871388889 +1936.196
DJI_20260206132624_0051_MS_RE.TIF -100.21068525 20.5330995277778 +1936.156
DJI_20260206132627_0052_MS_RE.TIF -100.210681388889 20.5331123333333 +1936.125
DJI_20260206132628_0053_MS_RE.TIF -100.210679694444 20.5331192777778 +1936.115
DJI_20260206132632_0054_MS_RE.TIF -100.210675527778 20.53313575 +1936.107
DJI_20260206132635_0055_MS_RE.TIF -100.210672527778 20.53314675 +1936.240
DJI_20260206132638_0056_MS_RE.TIF -100.210668694444 20.5331601388889 +1936.292
DJI_20260206132641_0057_MS_RE.TIF -100.210666555556 20.5331726666667 +1936.295
DJI_20260206132643_0058_MS_RE.TIF -100.210663555556 20.5331848888889 +1936.277
DJI_20260206132646_0059_MS_RE.TIF -100.210660888889 20.5331962777778 +1936.223
DJI_20260206132649_0060_MS_RE.TIF -100.210657055556 20.5332088333333 +1936.173
DJI_20260206132655_0061_MS_RE.TIF -100.210645416667 20.5332341944444 +1936.237
DJI_20260206132656_0062_MS_RE.TIF -100.210642638889 20.5332355 +1936.244
DJI_20260206132659_0063_MS_RE.TIF -100.210627777778 20.533236 +1936.270
DJI_20260206132702_0064_MS_RE.TIF -100.210611555556 20.5332321666667 +1936.216
DJI_20260206132705_0065_MS_RE.TIF -100.21060325 20.5332187222222 +1936.240
DJI_20260206132709_0066_MS_RE.TIF -100.210606277778 20.5332001388889 +1936.187
DJI_20260206132711_0067_MS_RE.TIF -100.210609583333 20.5331885833333 +1936.110
DJI_20260206132716_0068_MS_RE.TIF -100.210614305556 20.5331698333333 +1936.063
DJI_20260206132719_0069_MS_RE.TIF -100.210617555556 20.5331551111111 +1936.000
DJI_20260206132723_0070_MS_RE.TIF -100.210622638889 20.5331391388889 +1936.109
DJI_20260206132726_0071_MS_RE.TIF -100.210625305556 20.5331229444444 +1935.959
DJI_20260206132730_0072_MS_RE.TIF -100.210630333333 20.5331080277778 +1936.000
DJI_20260206132733_0073_MS_RE.TIF -100.210633416667 20.5330920277778 +1936.021
DJI_20260206132736_0074_MS_RE.TIF -100.210637444444 20.5330771111111 +1936.016
DJI_20260206132739_0075_MS_RE.TIF -100.210640388889 20.5330645277778 +1936.010
DJI_20260206132743_0076_MS_RE.TIF -100.210644861111 20.5330472222222 +1936.001
DJI_20260206132747_0077_MS_RE.TIF -100.210648777778 20.5330311944444 +1935.984
DJI_20260206132751_0078_MS_RE.TIF -100.210653722222 20.5330121944444 +1936.008
DJI_20260206132755_0079_MS_RE.TIF -100.21065775 20.5329951944444 +1935.987
DJI_20260206132758_0080_MS_RE.TIF -100.210661527778 20.5329823055556 +1935.966
DJI_20260206132801_0081_MS_RE.TIF -100.210665583333 20.53296825 +1935.976
DJI_20260206132806_0082_MS_RE.TIF -100.210670388889 20.5329471111111 +1935.917
DJI_20260206132810_0083_MS_RE.TIF -100.210675222222 20.5329289722222 +1935.942
DJI_20260206132813_0084_MS_RE.TIF -100.210679416667 20.5329156111111 +1935.948
DJI_20260206132816_0085_MS_RE.TIF -100.210682916667 20.532902 +1935.980
DJI_20260206132819_0086_MS_RE.TIF -100.210685361111 20.5328913888889 +1936.000
DJI_20260206132822_0087_MS_RE.TIF -100.210688888889 20.5328763333333 +1935.991
DJI_20260206132825_0088_MS_RE.TIF -100.210690416667 20.5328636666667 +1936.041
DJI_20260206132828_0089_MS_RE.TIF -100.210683611111 20.5328541666667 +1936.059
DJI_20260206132831_0090_MS_RE.TIF -100.210667583333 20.5328487777778 +1936.115
DJI_20260206132834_0091_MS_RE.TIF -100.210655194444 20.5328474166667 +1936.044
DJI_20260206132836_0092_MS_RE.TIF -100.210644611111 20.5328520277778 +1935.996
DJI_20260206132839_0093_MS_RE.TIF -100.210639083333 20.5328609166667 +1935.948
DJI_20260206132841_0094_MS_RE.TIF -100.210636166667 20.5328708888889 +1935.978
DJI_20260206132845_0095_MS_RE.TIF -100.210632888889 20.5328860833333 +1936.066
DJI_20260206132848_0096_MS_RE.TIF -100.210628861111 20.5329004444444 +1936.020
DJI_20260206132851_0097_MS_RE.TIF -100.210624861111 20.5329150555556 +1935.954
DJI_20260206132855_0098_MS_RE.TIF -100.210620972222 20.5329294166667 +1935.937
DJI_20260206132858_0099_MS_RE.TIF -100.2106175 20.5329442777778 +1935.988
DJI_20260206132901_0100_MS_RE.TIF -100.210613694444 20.5329583333333 +1936.000
DJI_20260206132904_0101_MS_RE.TIF -100.210611416667 20.5329704166667 +1935.907
DJI_20260206132906_0102_MS_RE.TIF -100.210608472222 20.5329826666667 +1935.815
DJI_20260206132909_0103_MS_RE.TIF -100.210605305556 20.5329943611111 +1935.742
DJI_20260206132911_0104_MS_RE.TIF -100.210602277778 20.5330055833333 +1935.646
DJI_20260206132914_0105_MS_RE.TIF -100.210598888889 20.5330176666667 +1935.692
DJI_20260206132917_0106_MS_RE.TIF -100.210596361111 20.5330283611111 +1935.583
DJI_20260206132919_0107_MS_RE.TIF -100.210592861111 20.5330400277778 +1935.457
DJI_20260206132921_0108_MS_RE.TIF -100.2105915 20.5330464722222 +1935.452
DJI_20260206132925_0109_MS_RE.TIF -100.210587111111 20.5330641388889 +1935.427
DJI_20260206132928_0110_MS_RE.TIF -100.210583305556 20.5330788611111 +1935.398
DJI_20260206132931_0111_MS_RE.TIF -100.210580055556 20.5330901944444 +1935.415
DJI_20260206132934_0112_MS_RE.TIF -100.210576194444 20.5331054444444 +1935.488
DJI_20260206132937_0113_MS_RE.TIF -100.210573416667 20.5331175277778 +1935.531
DJI_20260206132941_0114_MS_RE.TIF -100.210568805556 20.5331357222222 +1935.551
DJI_20260206132945_0115_MS_RE.TIF -100.210564972222 20.5331527777778 +1935.510
DJI_20260206132948_0116_MS_RE.TIF -100.210561527778 20.5331689444444 +1935.689
DJI_20260206132952_0117_MS_RE.TIF -100.210556805556 20.5331844444444 +1935.725
DJI_20260206132955_0118_MS_RE.TIF -100.210553083333 20.53319925 +1935.733
DJI_20260206132958_0119_MS_RE.TIF -100.210546222222 20.5332130277778 +1935.877
DJI_20260206133002_0120_MS_RE.TIF -100.210532083333 20.53321675 +1935.912
DJI_20260206133004_0121_MS_RE.TIF -100.210518805556 20.5332148055556 +1935.953
DJI_20260206133008_0122_MS_RE.TIF -100.2105045 20.5332085 +1936.040
DJI_20260206133011_0123_MS_RE.TIF -100.210501861111 20.5331933333333 +1936.061
DJI_20260206133015_0124_MS_RE.TIF -100.210504916667 20.5331779722222 +1936.033
DJI_20260206133019_0125_MS_RE.TIF -100.210509555556 20.5331621944444 +1936.076
DJI_20260206133022_0126_MS_RE.TIF -100.210513638889 20.5331486666667 +1936.229
DJI_20260206133025_0127_MS_RE.TIF -100.210516777778 20.5331332777778 +1936.208
DJI_20260206133029_0128_MS_RE.TIF -100.210521138889 20.5331176666667 +1936.133
DJI_20260206133032_0129_MS_RE.TIF -100.210523638889 20.5331050555556 +1936.110
DJI_20260206133035_0130_MS_RE.TIF -100.210527305556 20.5330922222222 +1936.065
DJI_20260206133037_0131_MS_RE.TIF -100.210529277778 20.5330835 +1936.057
DJI_20260206133041_0132_MS_RE.TIF -100.210533777778 20.5330652222222 +1935.838
DJI_20260206133045_0133_MS_RE.TIF -100.210537527778 20.5330498333333 +1935.819
DJI_20260206133048_0134_MS_RE.TIF -100.210541388889 20.5330345 +1935.866
DJI_20260206133052_0135_MS_RE.TIF -100.210545666667 20.5330175555556 +1935.940
DJI_20260206133055_0136_MS_RE.TIF -100.210549472222 20.5330028055556 +1935.974
DJI_20260206133059_0137_MS_RE.TIF -100.210553138889 20.5329879722222 +1936.008
DJI_20260206133102_0138_MS_RE.TIF -100.210557083333 20.5329735 +1935.910
DJI_20260206133105_0139_MS_RE.TIF -100.210560805556 20.5329581388889 +1935.848
DJI_20260206133108_0140_MS_RE.TIF -100.210564333333 20.5329445277778 +1935.827
DJI_20260206133111_0141_MS_RE.TIF -100.210568472222 20.5329315555556 +1935.827
DJI_20260206133115_0142_MS_RE.TIF -100.210571888889 20.5329158888889 +1935.805
DJI_20260206133118_0143_MS_RE.TIF -100.210575388889 20.5329006111111 +1935.609
DJI_20260206133121_0144_MS_RE.TIF -100.210578361111 20.5328881944444 +1935.600
DJI_20260206133126_0145_MS_RE.TIF -100.210583055556 20.5328680833333 +1935.609
DJI_20260206133129_0146_MS_RE.TIF -100.210586277778 20.5328540277778 +1935.625
DJI_20260206133133_0147_MS_RE.TIF -100.210583194444 20.5328386388889 +1935.707
DJI_20260206133137_0148_MS_RE.TIF -100.210562583333 20.5328312222222 +1935.738
DJI_20260206133141_0149_MS_RE.TIF -100.210543166667 20.5328329722222 +1935.728
DJI_20260206133144_0150_MS_RE.TIF -100.210536 20.5328439722222 +1935.635
DJI_20260206133147_0151_MS_RE.TIF -100.210532222222 20.5328583611111 +1935.526
DJI_20260206133151_0152_MS_RE.TIF -100.210527027778 20.5328773055556 +1935.654
DJI_20260206133154_0153_MS_RE.TIF -100.210523861111 20.5328903055556 +1935.722
DJI_20260206133157_0154_MS_RE.TIF -100.2105205 20.5329022222222 +1935.760
DJI_20260206133159_0155_MS_RE.TIF -100.21051775 20.5329128333333 +1935.853
DJI_20260206133203_0156_MS_RE.TIF -100.210513305556 20.5329289166667 +1935.878
DJI_20260206133207_0157_MS_RE.TIF -100.210509277778 20.5329456111111 +1935.798
DJI_20260206133209_0158_MS_RE.TIF -100.21050675 20.5329556666667 +1935.834
DJI_20260206133213_0159_MS_RE.TIF -100.210502972222 20.5329722222222 +1935.870
DJI_20260206133215_0160_MS_RE.TIF -100.210500222222 20.5329828888889 +1935.882
DJI_20260206133217_0161_MS_RE.TIF -100.210498166667 20.53299175 +1935.871
DJI_20260206133220_0162_MS_RE.TIF -100.210495194444 20.5330036388889 +1935.870
DJI_20260206133223_0163_MS_RE.TIF -100.210492527778 20.5330152777778 +1935.895
DJI_20260206133225_0164_MS_RE.TIF -100.210489611111 20.533027 +1935.870
DJI_20260206133228_0165_MS_RE.TIF -100.210486361111 20.5330402777778 +1935.876
DJI_20260206133231_0166_MS_RE.TIF -100.210483805556 20.5330513333333 +1935.941
DJI_20260206133233_0167_MS_RE.TIF -100.210481 20.5330632777778 +1935.934
DJI_20260206133236_0168_MS_RE.TIF -100.210478361111 20.5330748888889 +1935.943
DJI_20260206133239_0169_MS_RE.TIF -100.210475277778 20.5330883611111 +1935.988
DJI_20260206133242_0170_MS_RE.TIF -100.210471833333 20.5331022777778 +1935.981
DJI_20260206133245_0171_MS_RE.TIF -100.210468277778 20.533114 +1935.825
DJI_20260206133247_0172_MS_RE.TIF -100.210465638889 20.5331254444444 +1935.845
DJI_20260206133250_0173_MS_RE.TIF -100.210462555556 20.5331370833333 +1935.885
DJI_20260206133252_0174_MS_RE.TIF -100.210460305556 20.5331469722222 +1935.929
DJI_20260206133256_0175_MS_RE.TIF -100.210455805556 20.5331638055556 +1935.908
DJI_20260206133258_0176_MS_RE.TIF -100.210453222222 20.5331738888889 +1935.894
DJI_20260206133301_0177_MS_RE.TIF -100.2104505 20.5331851111111 +1935.897
DJI_20260206133303_0178_MS_RE.TIF -100.210444305556 20.5331945833333 +1935.911
DJI_20260206133306_0179_MS_RE.TIF -100.2104325 20.5331979166667 +1935.900
DJI_20260206133309_0180_MS_RE.TIF -100.210419472222 20.5331963055556 +1935.940
DJI_20260206133311_0181_MS_RE.TIF -100.210408083333 20.5331935277778 +1935.933
DJI_20260206133314_0182_MS_RE.TIF -100.210399888889 20.5331842777778 +1935.907
DJI_20260206133316_0183_MS_RE.TIF -100.210400222222 20.5331722222222 +1935.937
DJI_20260206133319_0184_MS_RE.TIF -100.210404111111 20.5331595 +1936.058
DJI_20260206133322_0185_MS_RE.TIF -100.210405444444 20.5331438888889 +1935.989
DJI_20260206133326_0186_MS_RE.TIF -100.210410972222 20.5331289166667 +1936.001
DJI_20260206133329_0187_MS_RE.TIF -100.210413944444 20.5331126666667 +1935.978
DJI_20260206133333_0188_MS_RE.TIF -100.210418138889 20.5330976388889 +1935.984
DJI_20260206133336_0189_MS_RE.TIF -100.210422333333 20.5330818055556 +1936.022
DJI_20260206133340_0190_MS_RE.TIF -100.210425333333 20.5330668333333 +1935.841
DJI_20260206133343_0191_MS_RE.TIF -100.210430138889 20.5330518055556 +1935.824
DJI_20260206133347_0192_MS_RE.TIF -100.210434416667 20.5330371388889 +1935.930
DJI_20260206133350_0193_MS_RE.TIF -100.21043775 20.5330228611111 +1936.118
DJI_20260206133354_0194_MS_RE.TIF -100.210441944444 20.5330066111111 +1935.998
DJI_20260206133357_0195_MS_RE.TIF -100.210444944444 20.5329909166667 +1936.008
DJI_20260206133401_0196_MS_RE.TIF -100.210449722222 20.5329758611111 +1935.958
DJI_20260206133403_0197_MS_RE.TIF -100.210451972222 20.5329630277778 +1935.822
DJI_20260206133407_0198_MS_RE.TIF -100.210456611111 20.5329475555556 +1935.903
DJI_20260206133411_0199_MS_RE.TIF -100.21046075 20.5329282777778 +1935.927
DJI_20260206133415_0200_MS_RE.TIF -100.210464583333 20.5329123055556 +1935.978
DJI_20260206133418_0201_MS_RE.TIF -100.210468277778 20.5328962222222 +1936.007
DJI_20260206133422_0202_MS_RE.TIF -100.210470805556 20.5328815833333 +1936.023
DJI_20260206133425_0203_MS_RE.TIF -100.210475444444 20.5328667222222 +1935.889
DJI_20260206133429_0204_MS_RE.TIF -100.210479611111 20.5328509444444 +1935.949
DJI_20260206133432_0205_MS_RE.TIF -100.210483277778 20.5328358055556 +1935.940
DJI_20260206133436_0206_MS_RE.TIF -100.210487166667 20.5328203333333 +1936.008
DJI_20260206133451_0207_MS_RE.TIF -100.210500666667 20.5328385833333 +1936.161
DJI_20260206133453_0208_MS_RE.TIF -100.210505138889 20.5328462777778 +1936.195
DJI_20260206133455_0209_MS_RE.TIF -100.210509444444 20.5328550277778 +1936.220
DJI_20260206133457_0210_MS_RE.TIF -100.210513833333 20.5328633888889 +1936.181
DJI_20260206133459_0211_MS_RE.TIF -100.210517833333 20.5328717222222 +1936.243
DJI_20260206133501_0212_MS_RE.TIF -100.210522305556 20.5328807222222 +1936.237
DJI_20260206133503_0213_MS_RE.TIF -100.210526444444 20.5328892222222 +1936.238
DJI_20260206133505_0214_MS_RE.TIF -100.210531416667 20.5328990277778 +1936.337
DJI_20260206133509_0215_MS_RE.TIF -100.210538694444 20.5329141111111 +1936.267
DJI_20260206133512_0216_MS_RE.TIF -100.210545083333 20.5329274722222 +1936.249
DJI_20260206133516_0217_MS_RE.TIF -100.210552166667 20.5329424722222 +1936.243
DJI_20260206133519_0218_MS_RE.TIF -100.210559 20.5329565277778 +1936.253
DJI_20260206133523_0219_MS_RE.TIF -100.210566361111 20.5329716666667 +1936.216
DJI_20260206133527_0220_MS_RE.TIF -100.210574055556 20.532988 +1936.263
DJI_20260206133531_0221_MS_RE.TIF -100.210583 20.5330065277778 +1936.221
DJI_20260206133535_0222_MS_RE.TIF -100.210592638889 20.5330255 +1936.268
DJI_20260206133620_0001_MS_RE.TIF -100.210788555556 20.5328338611111 +1914.804
DJI_20260206133622_0002_MS_RE.TIF -100.210788472222 20.5328331111111 +1914.448
DJI_20260206134600_0003_MS_RE.TIF -100.208661805556 20.5324412777778 +1912.538
DJI_20260206134602_0004_MS_RE.TIF -100.208661805556 20.5324414166667 +1912.551
DJI_20260206134604_0005_MS_RE.TIF -100.208661777778 20.5324415555556 +1912.565
